`Beetle` <-
structure(list(dose = c(49.06, 52.99, 56.91, 60.84, 64.76, 68.69,
72.61, 76.54), n.tested = c(49L, 60L, 62L, 56L, 63L, 59L, 62L,
60L), n.killed = c(6L, 13L, 18L, 28L, 52L, 53L, 61L, 60L), Prop = structure(c(6L,
13L, 18L, 28L, 52L, 53L, 61L, 60L, 43L, 47L, 44L, 28L, 11L, 6L,
1L, 0L), .Dim = c(8L, 2L), .Dimnames = list(NULL, c("nkilled",
"nsurvived"))), mortality = c(0.12, 0.22, 0.29, 0.5, 0.83, 0.9,
0.98, 1)), .Names = c("dose", "n.tested", "n.killed", "Prop",
"mortality"), row.names = c(NA, -8L), class = "data.frame",
comment = "Flour beetle mortality at eight dose levels of CS_2")
