`GPA` <-
structure(list(y = c(1.97, 2.74, 2.19, 2.6, 2.98, 1.65, 1.89, 
2.38, 2.66, 1.96, 3.14, 1.96, 2.2, 3.9, 2.02, 3.61, 3.07, 2.63, 
3.11, 3.2), x1 = c(321L, 718L, 358L, 403L, 640L, 237L, 270L, 
418L, 443L, 359L, 669L, 409L, 582L, 750L, 451L, 645L, 791L, 521L, 
594L, 653L), x2 = c(247L, 436L, 578L, 447L, 563L, 342L, 472L, 
356L, 327L, 385L, 664L, 518L, 364L, 632L, 435L, 704L, 341L, 483L, 
665L, 606L), x3 = c(2.3, 3.8, 2.98, 3.58, 3.38, 1.48, 1.67, 3.73, 
3.09, 1.54, 3.21, 2.77, 1.47, 3.14, 1.54, 3.5, 3.2, 3.59, 3.42, 
3.69), x4 = c(2.63, 3.57, 2.57, 2.21, 3.48, 2.14, 2.64, 2.52, 
3.2, 3.46, 3.37, 2.6, 2.9, 3.49, 3.2, 3.74, 2.93, 3.32, 2.7, 
3.52)), .Names = c("y", "x1", "x2", "x3", "x4"), 
class = "data.frame", row.names = c(NA, -20L),
comment = "First-year college Grade Point Average")